<?xml version="1.0"?>
<opencv_storage>
<classifications type_id="opencv-matrix">
  <rows>52</rows>
  <cols>1</cols>
  <dt>i</dt>
  <data>
    53 51 49 36 46 48 53 50 56 36 52 56 36 55 57 36 46 48 53 55 48 49 36
    50 49 49 36 52 50 49 36 46 48 53 52 54 36 46 48 53 53 55 36 46 48 57
    55 36 53 54 54 36</data></classifications>
</opencv_storage>
